106,27000,30,1
741,216000,30,2
2538,729000,30,3
5818,1728000,30,4
11341,3375000,30,5
113,27000,30,1
731,216000,30,2
2456,729000,30,3
2477,729000,30,3
2558,729000,30,3
2449,729000,30,3
2773,729000,30,3
2536,729000,30,3
2548,729000,30,3
2422,729000,30,3
1559,729000,30,3
2160,729000,30,3
2411,729000,30,3
2309,729000,30,3
2307,729000,30,3
2400,729000,30,3
2393,729000,30,3
2396,729000,30,3
2405,729000,30,3
2392,729000,30,3
2368,729000,30,3
2570,729000,30,3
2397,729000,30,3
1111,729000,30,3
4865,3375000,30,5
15051,3375000,30,5
2369,729000,30,3
11191,3375000,30,5
2391,729000,30,3
2450,729000,30,3
2429,729000,30,3
2435,729000,30,3
11208,3375000,30,5
11144,3375000,30,5
11179,3375000,30,5
11203,3375000,30,5
6,3375000,30,5
7,3375000,30,5
4,3375000,30,5
4,3375000,30,5
3804,3375000,30,5
10921,3375000,30,5
10909,3375000,30,5
4,3375000,30,5
4,3375000,30,5
3832,3375000,30,5
3832,3375000,30,5
3832,3375000,30,5
3832,3375000,30,5
3832,3375000,30,5
3832,3375000,30,5
3832,3375000,30,5
3832,3375000,30,5
3832,3375000,30,5
3832,3375000,30,5
3832,3375000,30,5
3832,3375000,30,5
3832,3375000,30,5
3832,3375000,30,5
3832,3375000,30,5
3832,3375000,30,5
3832,3375000,30,5
3832,3375000,30,5
3832,3375000,30,5
3832,3375000,30,5
3832,3375000,30,5
3832,3375000,30,5
3832,3375000,30,5
3832,3375000,30,5
3832,3375000,30,5
3832,3375000,30,5
3832,3375000,30,5
3832,3375000,30,5
3832,3375000,30,5
3832,3375000,30,5
3832,3375000,30,5
3832,3375000,30,5
3832,3375000,30,5
3832,3375000,30,5
3832,3375000,30,5
3832,3375000,30,5
3832,3375000,30,5
3832,3375000,30,5
3832,3375000,30,5
3832,3375000,30,5
3832,3375000,30,5
3832,3375000,30,5
3832,3375000,30,5
3832,3375000,30,5
3832,3375000,30,5
3832,3375000,30,5
3832,3375000,30,5
3832,3375000,30,5
3832,3375000,30,5
3832,3375000,30,5
3832,3375000,30,5
3832,3375000,30,5
3832,3375000,30,5
3832,3375000,30,5
3832,3375000,30,5
3832,3375000,30,5
3832,3375000,30,5
3832,3375000,30,5
3832,3375000,30,5
3832,3375000,30,5
3832,3375000,30,5
3832,3375000,30,5
3832,3375000,30,5
3832,3375000,30,5
3832,3375000,30,5
3832,3375000,30,5
3832,3375000,30,5
3832,3375000,30,5
3832,3375000,30,5
3832,3375000,30,5
3832,3375000,30,5
3832,3375000,30,5
3832,3375000,30,5
3832,3375000,30,5
3832,3375000,30,5
3832,3375000,30,5
3832,3375000,30,5
3832,3375000,30,5
3832,3375000,30,5
3832,3375000,30,5
3832,3375000,30,5
3832,3375000,30,5
3832,3375000,30,5
3832,3375000,30,5
3832,3375000,30,5
3832,3375000,30,5
3832,3375000,30,5
3832,3375000,30,5
3832,3375000,30,5
3832,3375000,30,5
3832,3375000,30,5
3832,3375000,30,5
3832,3375000,30,5
3832,3375000,30,5
3832,3375000,30,5
3832,3375000,30,5
3832,3375000,30,5
3832,3375000,30,5
3832,3375000,30,5
3832,3375000,30,5
3832,3375000,30,5
3832,3375000,30,5
3832,3375000,30,5
3832,3375000,30,5
3832,3375000,30,5
3832,3375000,30,5
3832,3375000,30,5
3832,3375000,30,5
3832,3375000,30,5
3832,3375000,30,5
3832,3375000,30,5
3832,3375000,30,5
3832,3375000,30,5
3832,3375000,30,5
3832,3375000,30,5
3832,3375000,30,5
3832,3375000,30,5
3832,3375000,30,5
3832,3375000,30,5
3832,3375000,30,5
3832,3375000,30,5
3832,3375000,30,5
3832,3375000,30,5
3832,3375000,30,5
3832,3375000,30,5
3832,3375000,30,5
3832,3375000,30,5
3832,3375000,30,5
3832,3375000,30,5
3832,3375000,30,5
3832,3375000,30,5
3832,3375000,30,5
3832,3375000,30,5
3832,3375000,30,5
3832,3375000,30,5
3832,3375000,30,5
3832,3375000,30,5
3832,3375000,30,5
3832,3375000,30,5
3832,3375000,30,5
3832,3375000,30,5
3832,3375000,30,5
3832,3375000,30,5
3832,3375000,30,5
3832,3375000,30,5
3832,3375000,30,5
3832,3375000,30,5
3832,3375000,30,5
3832,3375000,30,5
3832,3375000,30,5
3832,3375000,30,5
3832,3375000,30,5
3832,3375000,30,5
3832,3375000,30,5
3832,3375000,30,5
3832,3375000,30,5
3832,3375000,30,5
3832,3375000,30,5
3832,3375000,30,5
3832,3375000,30,5
3832,3375000,30,5
3832,3375000,30,5
3832,3375000,30,5
3832,3375000,30,5
3832,3375000,30,5
3832,3375000,30,5
3832,3375000,30,5
3832,3375000,30,5
3832,3375000,30,5
3832,3375000,30,5
3832,3375000,30,5
3832,3375000,30,5
3832,3375000,30,5
3832,3375000,30,5
3832,3375000,30,5
3832,3375000,30,5
3832,3375000,30,5
3832,3375000,30,5
3832,3375000,30,5
3832,3375000,30,5
3832,3375000,30,5
3832,3375000,30,5
3832,3375000,30,5
3832,3375000,30,5
3832,3375000,30,5
3832,3375000,30,5
3832,3375000,30,5
3832,3375000,30,5
3832,3375000,30,5
3832,3375000,30,5
3832,3375000,30,5
3832,3375000,30,5
3832,3375000,30,5
3832,3375000,30,5
3832,3375000,30,5
3832,3375000,30,5
3832,3375000,30,5
3832,3375000,30,5
3832,3375000,30,5
3832,3375000,30,5
3832,3375000,30,5
3832,3375000,30,5
3832,3375000,30,5
3832,3375000,30,5
3832,3375000,30,5
3832,3375000,30,5
3832,3375000,30,5
3832,3375000,30,5
3832,3375000,30,5
3832,3375000,30,5
3832,3375000,30,5
3832,3375000,30,5
3832,3375000,30,5
3832,3375000,30,5
3832,3375000,30,5
3832,3375000,30,5
3832,3375000,30,5
3832,3375000,30,5
3832,3375000,30,5
3832,3375000,30,5
3832,3375000,30,5
3832,3375000,30,5
3832,3375000,30,5
3832,3375000,30,5
3832,3375000,30,5
3832,3375000,30,5
3832,3375000,30,5
3832,3375000,30,5
3832,3375000,30,5
3832,3375000,30,5
3832,3375000,30,5
3832,3375000,30,5
3832,3375000,30,5
3832,3375000,30,5
3832,3375000,30,5
3832,3375000,30,5
3832,3375000,30,5
3832,3375000,30,5
3832,3375000,30,5
3832,3375000,30,5
3832,3375000,30,5
3832,3375000,30,5
3832,3375000,30,5
3832,3375000,30,5
3832,3375000,30,5
3832,3375000,30,5
3832,3375000,30,5
3832,3375000,30,5
3832,3375000,30,5
3832,3375000,30,5
3832,3375000,30,5
3832,3375000,30,5
3832,3375000,30,5
3832,3375000,30,5
3832,3375000,30,5
3832,3375000,30,5
3832,3375000,30,5
3832,3375000,30,5
3832,3375000,30,5
3832,3375000,30,5
3832,3375000,30,5
3832,3375000,30,5
3832,3375000,30,5
3832,3375000,30,5
3832,3375000,30,5
3832,3375000,30,5
3832,3375000,30,5
3832,3375000,30,5
3832,3375000,30,5
3832,3375000,30,5
3832,3375000,30,5
3832,3375000,30,5
3832,3375000,30,5
3832,3375000,30,5
3832,3375000,30,5
3832,3375000,30,5
3832,3375000,30,5
3832,3375000,30,5
3832,3375000,30,5
3832,3375000,30,5
3832,3375000,30,5
3832,3375000,30,5
3832,3375000,30,5
3832,3375000,30,5
3832,3375000,30,5
3832,3375000,30,5
3832,3375000,30,5
3832,3375000,30,5
3832,3375000,30,5
3832,3375000,30,5
3832,3375000,30,5
3832,3375000,30,5
3832,3375000,30,5
3832,3375000,30,5
3832,3375000,30,5
3832,3375000,30,5
3832,3375000,30,5
3832,3375000,30,5
3832,3375000,30,5
3832,3375000,30,5
3832,3375000,30,5
3832,3375000,30,5
3832,3375000,30,5
3832,3375000,30,5
3832,3375000,30,5
3832,3375000,30,5
3832,3375000,30,5
3832,3375000,30,5
3832,3375000,30,5
3832,3375000,30,5
3832,3375000,30,5
3832,3375000,30,5
3832,3375000,30,5
3832,3375000,30,5
3832,3375000,30,5
3832,3375000,30,5
3832,3375000,30,5
3832,3375000,30,5
3832,3375000,30,5
3832,3375000,30,5
3832,3375000,30,5
3832,3375000,30,5
3832,3375000,30,5
3832,3375000,30,5
3832,3375000,30,5
3832,3375000,30,5
3832,3375000,30,5
3832,3375000,30,5
3832,3375000,30,5
3832,3375000,30,5
3832,3375000,30,5
3832,3375000,30,5
3832,3375000,30,5
3832,3375000,30,5
3832,3375000,30,5
3832,3375000,30,5
3832,3375000,30,5
3832,3375000,30,5
3832,3375000,30,5
3832,3375000,30,5
3832,3375000,30,5
3832,3375000,30,5
3832,3375000,30,5
3832,3375000,30,5
3832,3375000,30,5
3832,3375000,30,5
3832,3375000,30,5
3832,3375000,30,5
3832,3375000,30,5
3832,3375000,30,5
3832,3375000,30,5
3832,3375000,30,5
3832,3375000,30,5
3832,3375000,30,5
3832,3375000,30,5
3832,3375000,30,5
3832,3375000,30,5
3832,3375000,30,5
3832,3375000,30,5
3832,3375000,30,5
3832,3375000,30,5
3832,3375000,30,5
3832,3375000,30,5
3832,3375000,30,5
3832,3375000,30,5
3832,3375000,30,5
3832,3375000,30,5
3832,3375000,30,5
3832,3375000,30,5
3832,3375000,30,5
3832,3375000,30,5
3832,3375000,30,5
3832,3375000,30,5
3832,3375000,30,5
3832,3375000,30,5
3832,3375000,30,5
3832,3375000,30,5
3832,3375000,30,5
3832,3375000,30,5
3832,3375000,30,5
3832,3375000,30,5
3832,3375000,30,5
3832,3375000,30,5
3832,3375000,30,5
3832,3375000,30,5
3832,3375000,30,5
3832,3375000,30,5
3832,3375000,30,5
3832,3375000,30,5
3832,3375000,30,5
3832,3375000,30,5
3832,3375000,30,5
3832,3375000,30,5
3832,3375000,30,5
3832,3375000,30,5
3832,3375000,30,5
3832,3375000,30,5
3832,3375000,30,5
3832,3375000,30,5
3832,3375000,30,5
3832,3375000,30,5
3832,3375000,30,5
3832,3375000,30,5
3832,3375000,30,5
3832,3375000,30,5
3832,3375000,30,5
3832,3375000,30,5
3832,3375000,30,5
3832,3375000,30,5
3832,3375000,30,5
3832,3375000,30,5
3832,3375000,30,5
3832,3375000,30,5
3832,3375000,30,5
3832,3375000,30,5
3832,3375000,30,5
3832,3375000,30,5
3832,3375000,30,5
3832,3375000,30,5
3832,3375000,30,5
3832,3375000,30,5
3832,3375000,30,5
3832,3375000,30,5
3832,3375000,30,5
3832,3375000,30,5
3832,3375000,30,5
3832,3375000,30,5
3832,3375000,30,5
3832,3375000,30,5
3832,3375000,30,5
3832,3375000,30,5
3832,3375000,30,5
3832,3375000,30,5
3832,3375000,30,5
3832,3375000,30,5
3832,3375000,30,5
3832,3375000,30,5
3832,3375000,30,5
3832,3375000,30,5
3832,3375000,30,5
3832,3375000,30,5
3832,3375000,30,5
3832,3375000,30,5
3832,3375000,30,5
3832,3375000,30,5
3832,3375000,30,5
3832,3375000,30,5
3832,3375000,30,5
3832,3375000,30,5
3832,3375000,30,5
3832,3375000,30,5
3813,3375000,30,5
0,1.3824E+07,30,8
0,3375000,30,5
10915,3375000,30,5
7,3375000,30,5
22,1.3824E+07,30,8
13,1.3824E+07,30,8
13,1.3824E+07,30,8
12,1.3824E+07,30,8
29,2.7E+07,30,10
28,2.7E+07,30,10
47,2.7E+07,30,10
47,2.7E+07,30,10
46,2.7E+07,30,10
44,2.7E+07,30,10
55,2.7E+07,30,10
10,3375000,30,5
8,3375000,30,5
2,27000,30,1
2,27000,30,1
2,27000,30,1
3,27000,30,1
2,27000,30,1
88,3375000,30,5
2,27000,30,1
4,216000,30,2
4,216000,30,2
6,216000,30,2
10,729000,30,3
71,3375000,30,5
673,2.7E+07,30,10
670,1000000,10,10
663,2.7E+07,30,10
648,2.7E+07,30,10
643,2.7E+07,30,10
669,2.7E+07,30,10
672,2.7E+07,30,10
43,3375000,30,5
670,2.7E+07,30,10
691,2.7E+07,30,10
635,2.7E+07,30,10
639,2.7E+07,30,10
625,2.7E+07,30,10
633,2.7E+07,30,10
630,2.7E+07,30,10
625,2.7E+07,30,10
692,2.7E+07,30,10
635,2.7E+07,30,10
697,2.7E+07,30,10
185,216000,30,2
323,216000,30,2
7,216000,30,2
324,216000,30,2
363,216000,30,2
358,216000,30,2
7,216000,30,2
279,216000,30,2
346,3375000,30,5
335,3375000,30,5
330,3375000,30,5
936,2.7E+07,30,10
929,2.7E+07,30,10
916,2.7E+07,30,10
938,2.7E+07,30,10
953,2.7E+07,30,10
1002,2.7E+07,30,10
256,216000,30,2
285,216000,30,2
328,3375000,30,5
948,2.7E+07,30,10
935,2.7E+07,30,10
962,2.7E+07,30,10
928,2.7E+07,30,10
1898,2.7E+07,30,10
346,3375000,30,5
321,3375000,30,5
966,3375000,30,5
1941,2.7E+07,30,10
376,216000,30,2
11,216000,30,2
11,216000,30,2
8,216000,30,2
10,216000,30,2
79481,216000,30,2
99,216000,30,2
101,216000,30,2
102,216000,30,2
99,216000,30,2
97,216000,30,2
97,216000,30,2
189,216000,30,2
189,216000,30,2
194,216000,30,2
712,216000,30,2
718,216000,30,2
727,216000,30,2
728,216000,30,2
721,216000,30,2
100,216000,30,2
102,216000,30,2
102,216000,30,2
107,216000,30,2
106,216000,30,2
102,216000,30,2
103,216000,30,2
105,216000,30,2
104,216000,30,2
97,216000,30,2
97,216000,30,2
96,216000,30,2
97,216000,30,2
185,216000,30,2
273,216000,30,2
276,216000,30,2
281,216000,30,2
276,216000,30,2
269,216000,30,2
274,216000,30,2
718,216000,30,2
242,216000,30,2
69546,216000,30,2
280,216000,30,2
111438,216000,30,2
224530,216000,30,2
254,216000,30,2
240,2.7E+07,30,10
268,2.7E+07,30,10
245,2.7E+07,30,10
250,2.7E+07,30,10
246,2.7E+07,30,10
244,9.1125E+07,30,15
246,9.1125E+07,30,15
245,9.1125E+07,30,15
243,9.1125E+07,30,15
181,9.1125E+07,30,15
97,9.1125E+07,30,15
391,3375000,30,5
148,3375000,30,5
135,3375000,30,5
141,3375000,30,5
155,3375000,30,5
123,3375000,30,5
125,3375000,30,5
154,3375000,30,5
152,3375000,30,5
15,3375000,30,5
10,3375000,30,5
8,2.7E+07,30,10
10,2.7E+07,30,10
8,2.7E+07,30,10
4,2.7E+07,30,10
5,2.7E+07,30,10
4,1000000,10,10
4,1000000,10,10
4,2.7E+07,30,10
4,2.7E+07,30,10
4,2.7E+07,30,10
5,2.7E+07,30,10
6,2.7E+07,30,10
8,2.7E+07,30,10
23,2.7E+07,30,10
4,2.7E+07,30,10
6,2.7E+07,30,10
6,2.7E+07,30,10
5,2.7E+07,30,10
5,2.7E+07,30,10
5,2.7E+07,30,10
6,2.7E+07,30,10
100,2.7E+07,30,10
188,2.7E+07,30,10
140,2.7E+07,30,10
136,2.7E+07,30,10
152,2.7E+07,30,10
189,2.7E+07,30,10
184,2.7E+07,30,10
161,2.7E+07,30,10
169,2.7E+07,30,10
192,2.7E+07,30,10
135,2.7E+07,30,10
137,2.7E+07,30,10
141,2.7E+07,30,10
138,2.16E+08,30,20
18,0,0,(10, 3, 10)
15,0,0,(10, 3, 10)
15,0,0,(10, 3, 10)
13,0,0,(10, 3, 10)
13,0,0,(10, 3, 10)
152,2.7E+07,30,(10, 3, 10)
154,2.7E+07,30,(10, 3, 10)
144,2.7E+07,30,(10, 3, 10)
155,2.7E+07,30,(10, 5, 10)
162,2.7E+07,30,(10, 5, 10)
160,2.7E+07,30,(10, 5, 10)
151,2.7E+07,30,(10, 5, 10)
156,2.7E+07,30,(10, 5, 10)
149,2.7E+07,30,(10, 5, 10)
165,2.16E+08,30,(20, 3, 20)
159,2.16E+08,30,(20, 3, 20)
161,2.16E+08,30,(20, 3, 20)
114,2.16E+08,30,(20, 3, 20)
93,2.16E+08,30,(20, 3, 20)
98,2.16E+08,30,(20, 3, 20)
99,2.16E+08,30,(20, 5, 20)
126,2.16E+08,30,(20, 5, 20)
147,2.16E+08,30,(20, 5, 20)
172,2.16E+08,30,(20, 5, 20)
235,2.16E+08,30,(20, 5, 20)
101,2.16E+08,30,(20, 5, 20)
87,2.16E+08,30,(20, 5, 20)
121,2.16E+08,30,(20, 5, 20)
100,2.16E+08,30,(20, 5, 20)
10,2.16E+08,30,(20, 5, 20)
8,2.16E+08,30,(20, 5, 20)
8,2.16E+08,30,(20, 5, 20)
7,2.16E+08,30,(20, 5, 20)
89,2.16E+08,30,(20, 5, 20)
98,2.16E+08,30,(20, 5, 20)
101,2.16E+08,30,(20, 5, 20)
99,2.16E+08,30,(20, 5, 20)
103,2.16E+08,30,(20, 5, 20)
100,2.16E+08,30,(20, 5, 20)
102,2.16E+08,30,(20, 10, 20)
88,2.16E+08,30,(20, 10, 20)
106,2.16E+08,30,(20, 10, 20)
109,2.16E+08,30,(20, 10, 20)
108,2.16E+08,30,(20, 10, 20)
97,2.16E+08,30,(20, 10, 20)
110,2.16E+08,30,(20, 10, 20)
101,2.16E+08,30,(20, 10, 20)
105,2.16E+08,30,(20, 10, 20)
167,2.16E+08,30,(20, 10, 20)
146,7.29E+08,30,(30, 10, 30)
141,7.29E+08,30,(30, 10, 30)
307,7.29E+08,30,(30, 10, 30)
220,7.29E+08,30,(30, 10, 30)
221,2.7E+07,30,(10, 10, 10)
155,2.7E+07,30,(10, 10, 10)
127,2.7E+07,30,(10, 10, 10)
126,2.7E+07,30,(10, 10, 10)
220,2.7E+07,30,(10, 10, 10)
688,2.7E+07,30,(10, 10, 10)
569,2.7E+07,30,(10, 10, 10)
226,2.7E+07,30,(10, 10, 10)
189,2.7E+07,30,(10, 10, 10)
1,2.7E+07,30,(10, 10, 10)
1,2.7E+07,30,(10, 10, 10)
564,2.7E+07,30,(10, 10, 10)
212,2.7E+07,30,(10, 10, 10)
208,2.7E+07,30,(10, 10, 10)
201,2.7E+07,30,(10, 10, 10)
200,2.7E+07,30,(10, 10, 10)
199,2.7E+07,30,(10, 10, 10)
202,2.7E+07,30,(10, 10, 10)
190,2.7E+07,30,(10, 10, 10)
189,2.7E+07,30,(10, 10, 10)
191,2.7E+07,30,(10, 10, 10)
200,2.7E+07,30,(10, 10, 10)
185,2.7E+07,30,(10, 10, 10)
199,2.7E+07,30,(10, 10, 10)
183,2.7E+07,30,(10, 10, 10)
186,2.7E+07,30,(10, 10, 10)
189,2.7E+07,30,(10, 10, 10)
209,2.7E+07,30,(10, 10, 10)
194,2.7E+07,30,(10, 10, 10)
187,2.7E+07,30,(10, 10, 10)
223,2.7E+07,30,(10, 10, 10)
186,2.7E+07,30,(10, 10, 10)
180,2.7E+07,30,(10, 10, 10)
181,2.7E+07,30,(10, 10, 10)
228,2.7E+07,30,(10, 10, 10)
224,2.7E+07,30,(10, 10, 10)
192,2.7E+07,30,(10, 10, 10)
182,2.7E+07,30,(10, 10, 10)
218,2.7E+07,30,(10, 10, 10)
192,2.7E+07,30,(10, 10, 10)
187,2.7E+07,30,(10, 10, 10)
190,2.7E+07,30,(10, 10, 10)
189,2.7E+07,30,(10, 10, 10)
193,2.7E+07,30,(10, 10, 10)
188,2.7E+07,30,(10, 10, 10)
192,2.7E+07,30,(10, 10, 10)
197,2.7E+07,30,(10, 10, 10)
185,2.7E+07,30,(10, 10, 10)
188,2.7E+07,30,(10, 10, 10)
198,2.7E+07,30,(10, 10, 10)
222,2.7E+07,30,(10, 10, 10)
188,2.7E+07,30,(10, 10, 10)
193,2.7E+07,30,(10, 10, 10)
197,2.7E+07,30,(10, 10, 10)
196,2.7E+07,30,(10, 10, 10)
196,2.7E+07,30,(10, 10, 10)
212,2.7E+07,30,(10, 10, 10)
196,2.7E+07,30,(10, 10, 10)
199,2.7E+07,30,(10, 10, 10)
213,2.7E+07,30,(10, 10, 10)
222,2.7E+07,30,(10, 10, 10)
205,2.7E+07,30,(10, 10, 10)
103,2.7E+07,30,(10, 10, 10)
128,2.7E+07,30,(10, 10, 10)
117,2.7E+07,30,(10, 10, 10)
97,2.7E+07,30,(10, 10, 10)
98,2.7E+07,30,(10, 10, 10)
98,2.7E+07,30,(10, 10, 10)
99,2.7E+07,30,(10, 10, 10)
99,2.7E+07,30,(10, 10, 10)
94,2.7E+07,30,(10, 10, 10)
90,2.7E+07,30,(10, 10, 10)
93,2.7E+07,30,(10, 10, 10)
108,2.7E+07,30,(10, 10, 10)
92,2.7E+07,30,(10, 10, 10)
91,2.7E+07,30,(10, 10, 10)
92,2.7E+07,30,(10, 10, 10)
93,2.7E+07,30,(10, 10, 10)
94,2.7E+07,30,(10, 10, 10)
90,2.7E+07,30,(10, 10, 10)
95,2.7E+07,30,(10, 10, 10)
92,2.7E+07,30,(10, 10, 10)
94,2.7E+07,30,(10, 10, 10)
109,2.7E+07,30,(10, 10, 10)
92,2.7E+07,30,(10, 10, 10)
94,2.7E+07,30,(10, 10, 10)
94,2.7E+07,30,(10, 10, 10)
91,2.7E+07,30,(10, 10, 10)
92,2.7E+07,30,(10, 10, 10)
111,2.7E+07,30,(10, 10, 10)
191,2.7E+07,30,(10, 10, 10)
187,2.7E+07,30,(10, 10, 10)
186,2.7E+07,30,(10, 10, 10)
189,2.7E+07,30,(10, 10, 10)
192,2.7E+07,30,(10, 10, 10)
186,2.7E+07,30,(10, 10, 10)
191,2.7E+07,30,(10, 10, 10)
221,2.7E+07,30,(10, 10, 10)
94,2.7E+07,30,(10, 10, 10)
191,2.7E+07,30,(10, 10, 10)
93,2.7E+07,30,(10, 10, 10)
94,2.7E+07,30,(10, 10, 10)
197,2.7E+07,30,(10, 10, 10)
119,2.7E+07,30,(10, 10, 10)
194,2.7E+07,30,(10, 10, 10)
194,2.7E+07,30,(10, 10, 10)
193,2.7E+07,30,(10, 10, 10)
112,2.7E+07,30,(10, 10, 10)
194,2.7E+07,30,(10, 10, 10)
206,2.7E+07,30,(10, 10, 10)
237,2.7E+07,30,(10, 10, 10)
196,2.7E+07,30,(10, 10, 10)
198,2.7E+07,30,(10, 10, 10)
196,2.7E+07,30,(10, 10, 10)
207,2.7E+07,30,(10, 10, 10)
201,2.7E+07,30,(10, 10, 10)
204,2.7E+07,30,(10, 10, 10)
347,2.7E+07,30,(10, 10, 10)
210,2.7E+07,30,(10, 10, 10)
201,9.1125E+07,30,(15, 10, 15)
198,2.7E+07,30,(10, 10, 10)
210,2.7E+07,30,(10, 10, 10)
198,2.7E+07,30,(10, 10, 10)
205,2.7E+07,30,(10, 10, 10)
245,2.7E+07,30,(10, 10, 10)
213,2.7E+07,30,(10, 10, 10)
190,729000,30,(3, 3, 3)
206,2.7E+07,30,(10, 10, 10)
292,2.7E+07,30,(10, 10, 10)
202,3375000,30,(5, 5, 5)
197,2.7E+07,30,(10, 5, 10)
203,2.16E+08,30,(20, 5, 20)
183,2.16E+08,30,(20, 5, 20)
159,2.16E+08,30,(20, 5, 20)
325,2.16E+08,30,(20, 5, 20)
196,2.16E+08,30,(20, 5, 20)
0,2.16E+08,30,(20, 5, 20)
0,2.16E+08,30,(20, 5, 20)
0,2.16E+08,30,(20, 5, 20)
0,2.16E+08,30,(20, 5, 20)
0,2.16E+08,30,(20, 5, 20)
0,2.16E+08,30,(20, 5, 20)
0,2.16E+08,30,(20, 5, 20)
0,2.16E+08,30,(20, 5, 20)
0,2.16E+08,30,(20, 5, 20)
0,2.16E+08,30,(20, 5, 20)
0,2.16E+08,30,(20, 5, 20)
211,3375000,30,(5, 5, 5)
202,2.16E+08,30,(20, 5, 20)
142,2.16E+08,30,(20, 5, 20)
153,2.16E+08,30,(20, 5, 20)
177,2.16E+08,30,(20, 5, 20)
144,2.16E+08,30,(20, 5, 20)
5327,2.16E+08,30,(20, 5, 20)
191,2.16E+08,30,(20, 5, 20)
152,2.16E+08,30,(20, 5, 20)
368,2.16E+08,30,(20, 5, 20)
6108,216000,30,(2, 2, 2)
5248,216000,30,(2, 2, 2)
5197,1728000,30,(4, 4, 4)
205,2.16E+08,30,(20, 5, 20)
5327,2.16E+08,30,(20, 5, 20)
207,2.16E+08,30,(20, 5, 20)
112,2.16E+08,30,(20, 5, 20)
100,2.16E+08,30,(20, 5, 20)
108,2.16E+08,30,(20, 5, 20)
32,27000,30,(1, 1, 1)
32,27000,30,(1, 1, 1)
34,27000,30,(1, 1, 1)
35,27000,30,(1, 1, 1)
30949,27000,30,(1, 1, 1)
93,216000,30,(2, 2, 2)
69295,216000,30,(2, 2, 2)
7962,216000,30,(2, 2, 2)
97,216000,30,(2, 2, 2)
174,216000,30,(2, 2, 2)
135,216000,30,(2, 2, 2)
134,729000,30,(3, 3, 3)
145,3375000,30,(5, 5, 5)
149,3375000,30,(5, 5, 5)
131,3375000,30,(5, 5, 5)
135,3375000,30,(5, 5, 5)
141,2.7E+07,30,(10, 5, 10)
226,216000,30,(2, 2, 2)
1729,1728000,30,(4, 4, 4)
0,27000,30,(1, 1, 1)
0,27000,30,(1, 1, 1)
0,27000,30,(1, 1, 1)
0,27000,30,(1, 1, 1)
0,27000,30,(1, 1, 1)
0,27000,30,(1, 1, 1)
0,27000,30,(1, 1, 1)
32658,27000,30,(1, 1, 1)
7,27000,30,(1, 1, 1)
6,27000,30,(1, 1, 1)
10,27000,30,(1, 1, 1)
10,27000,30,(1, 1, 1)
7,27000,30,(1, 1, 1)
5,27000,30,(1, 1, 1)
7,27000,30,(1, 1, 1)
29,27000,30,(1, 1, 1)
27,27000,30,(1, 1, 1)
6,27000,30,(1, 1, 1)
5,27000,30,(1, 1, 1)
6,27000,30,(1, 1, 1)
5,216000,30,(2, 2, 2)
5,216000,30,(2, 2, 2)
6,216000,30,(2, 2, 2)
5,216000,30,(2, 2, 2)
5,216000,30,(2, 2, 2)
3,216000,30,(2, 2, 2)
3,3375000,30,(5, 5, 5)
3,1.3824E+07,30,(8, 5, 8)
3,1.3824E+07,30,(8, 5, 8)
3,1.3824E+07,30,(8, 5, 8)
3,1728000,15,(8, 5, 8)
3,3.793306E+07,28,(12, 6, 12)
3,2.388787E+07,24,(12, 6, 12)
3,2.388787E+07,24,(12, 6, 12)
3,2.388787E+07,24,(12, 6, 12)
3,2.388787E+07,24,(12, 6, 12)
4,2.388787E+07,24,(12, 6, 12)
3,3.037133E+07,26,(12, 6, 12)
3,2.388787E+07,24,(12, 6, 12)
3,2.388787E+07,24,(12, 6, 12)
4,2.388787E+07,24,(12, 6, 12)
3,4.6656E+07,30,(12, 6, 12)
3,4.6656E+07,30,(12, 6, 12)
3,4.6656E+07,30,(12, 6, 12)
4,4.6656E+07,30,(12, 6, 12)
3,4.6656E+07,30,(12, 6, 12)
3,4.6656E+07,30,(12, 6, 12)
3,4.6656E+07,30,(12, 6, 12)
6,4.6656E+07,30,(12, 6, 12)
28,4.6656E+07,30,(12, 6, 12)
5,4.6656E+07,30,(12, 6, 12)
5,4.6656E+07,30,(12, 6, 12)
6,4.6656E+07,30,(12, 6, 12)
6,4.6656E+07,30,(12, 6, 12)
5,4.6656E+07,30,(12, 6, 12)
5,4.6656E+07,30,(12, 6, 12)
5,4.6656E+07,30,(12, 6, 12)
5,4.6656E+07,30,(12, 6, 12)
5,4.6656E+07,30,(12, 6, 12)
5,4.6656E+07,30,(12, 6, 12)
5,4.6656E+07,30,(12, 6, 12)
5,4.6656E+07,30,(12, 6, 12)
6,9.1125E+07,30,(15, 6, 15)
7,9.1125E+07,30,(15, 6, 15)
12,9.1125E+07,30,(15, 6, 15)
5,9.1125E+07,30,(15, 6, 15)
5,9.1125E+07,30,(15, 6, 15)
7,9.1125E+07,30,(15, 6, 15)
7,9.1125E+07,30,(15, 6, 15)
7,9.1125E+07,30,(15, 6, 15)
8,4.21875E+08,50,(15, 6, 15)
7,2.7E+07,20,(15, 6, 15)
7,2.7E+07,20,(15, 6, 15)
11,2.7E+07,20,(15, 6, 15)
11,2.7E+07,20,(15, 6, 15)
4,2.7E+07,20,(15, 6, 15)
8,2.7E+07,20,(15, 6, 15)
8,9.1125E+07,30,(15, 6, 15)
8,9.1125E+07,30,(15, 6, 15)
13,9.1125E+07,30,(15, 6, 15)
11,9.1125E+07,30,(15, 6, 15)
8,9.1125E+07,30,(15, 6, 15)
8,9.1125E+07,30,(15, 6, 15)
8,9.1125E+07,30,(15, 6, 15)
8,9.1125E+07,30,(15, 6, 15)
8,9.1125E+07,30,(15, 6, 15)
5,9.1125E+07,30,(15, 6, 15)
4,9.1125E+07,30,(15, 6, 15)
4,9.1125E+07,30,(15, 6, 15)
4,9.1125E+07,30,(15, 6, 15)
4,9.1125E+07,30,(15, 6, 15)
7,9.1125E+07,30,(15, 6, 15)
7,9.1125E+07,30,(15, 6, 15)
7,9.1125E+07,30,(15, 6, 15)
7,9.1125E+07,30,(15, 6, 15)
7,9.1125E+07,30,(15, 6, 15)
9,9.1125E+07,30,(15, 6, 15)
7,9.1125E+07,30,(15, 6, 15)
7,9.1125E+07,30,(15, 6, 15)
11,9.1125E+07,30,(15, 6, 15)
7,9.1125E+07,30,(15, 6, 15)
7,9.1125E+07,30,(15, 6, 15)
7,9.1125E+07,30,(15, 6, 15)
7,9.1125E+07,30,(15, 6, 15)
7,9.1125E+07,30,(15, 6, 15)
7,9.1125E+07,30,(15, 6, 15)
7,9.1125E+07,30,(15, 6, 15)
7,9.1125E+07,30,(15, 6, 15)
7,9.1125E+07,30,(15, 6, 15)
7,9.1125E+07,30,(15, 6, 15)
0,9.1125E+07,30,(15, 6, 15)
0,9.1125E+07,30,(15, 6, 15)
0,9.1125E+07,30,(15, 6, 15)
0,9.1125E+07,30,(15, 6, 15)
0,9.1125E+07,30,(15, 6, 15)
0,9.1125E+07,30,(15, 6, 15)
0,9.1125E+07,30,(15, 6, 15)
0,9.1125E+07,30,(15, 6, 15)
0,9.1125E+07,30,(15, 6, 15)
0,9.1125E+07,30,(15, 6, 15)
0,9.1125E+07,30,(15, 6, 15)
0,9.1125E+07,30,(15, 6, 15)
0,9.1125E+07,30,(15, 6, 15)
0,9.1125E+07,30,(15, 6, 15)
0,9.1125E+07,30,(15, 6, 15)
0,9.1125E+07,30,(15, 6, 15)
0,9.1125E+07,30,(15, 6, 15)
0,9.1125E+07,30,(15, 6, 15)
0,9.1125E+07,30,(15, 6, 15)
0,9.1125E+07,30,(15, 6, 15)
0,9.1125E+07,30,(15, 6, 15)
0,9.1125E+07,30,(15, 6, 15)
0,9.1125E+07,30,(15, 6, 15)
0,9.1125E+07,30,(15, 6, 15)
0,9.1125E+07,30,(15, 6, 15)
0,9.1125E+07,30,(15, 6, 15)
0,9.1125E+07,30,(15, 6, 15)
0,9.1125E+07,30,(15, 6, 15)
0,9.1125E+07,30,(15, 6, 15)
0,9.1125E+07,30,(15, 6, 15)
0,9.1125E+07,30,(15, 6, 15)
0,9.1125E+07,30,(15, 6, 15)
0,9.1125E+07,30,(15, 6, 15)
0,9.1125E+07,30,(15, 6, 15)
0,9.1125E+07,30,(15, 6, 15)
0,9.1125E+07,30,(15, 6, 15)
0,9.1125E+07,30,(15, 6, 15)
0,9.1125E+07,30,(15, 6, 15)
0,9.1125E+07,30,(15, 6, 15)
0,9.1125E+07,30,(15, 6, 15)
0,9.1125E+07,30,(15, 6, 15)
0,9.1125E+07,30,(15, 6, 15)
0,9.1125E+07,30,(15, 6, 15)
0,9.1125E+07,30,(15, 6, 15)
0,9.1125E+07,30,(15, 6, 15)
0,9.1125E+07,30,(15, 6, 15)
0,9.1125E+07,30,(15, 6, 15)
0,9.1125E+07,30,(15, 6, 15)
0,9.1125E+07,30,(15, 6, 15)
0,9.1125E+07,30,(15, 6, 15)
0,9.1125E+07,30,(15, 6, 15)
0,9.1125E+07,30,(15, 6, 15)
0,9.1125E+07,30,(15, 6, 15)
0,9.1125E+07,30,(15, 6, 15)
0,9.1125E+07,30,(15, 6, 15)
0,9.1125E+07,30,(15, 6, 15)
0,9.1125E+07,30,(15, 6, 15)
0,9.1125E+07,30,(15, 6, 15)
0,9.1125E+07,30,(15, 6, 15)
0,9.1125E+07,30,(15, 6, 15)
0,9.1125E+07,30,(15, 6, 15)
0,9.1125E+07,30,(15, 6, 15)
0,9.1125E+07,30,(15, 6, 15)
0,9.1125E+07,30,(15, 6, 15)
0,9.1125E+07,30,(15, 6, 15)
385,216000,30,(2, 2, 2)
376,216000,30,(2, 2, 2)
5667,3375000,30,(5, 5, 5)
104843,216000,30,(2, 2, 2)
367,216000,30,(2, 2, 2)
1066,216000,30,(2, 6, 2)
9530,5832000,30,(6, 6, 6)
198433,216000,30,(2, 2, 2)
484,216000,30,(2, 2, 2)
102826,216000,30,(2, 2, 2)
474,216000,30,(2, 2, 2)
60087,216000,30,(2, 2, 2)
477,216000,30,(2, 2, 2)
13427,216000,30,(2, 2, 2)
47770,216000,30,(2, 2, 2)
71220,216000,30,(2, 2, 2)
437,216000,30,(2, 2, 2)
376,216000,30,(2, 2, 2)
4402,1728000,30,(4, 6, 4)
4401,1728000,30,(4, 6, 4)
4908,1728000,30,(4, 6, 4)
0,27000,30,(1, 1, 1)
0,27000,30,(1, 1, 1)
0,27000,30,(1, 1, 1)
0,27000,30,(1, 1, 1)
0,27000,30,(1, 1, 1)
0,1728000,30,(4, 6, 4)
0,1728000,30,(4, 6, 4)
0,1728000,30,(4, 6, 4)
0,1728000,30,(4, 6, 4)
0,1728000,30,(4, 6, 4)
0,1728000,30,(4, 6, 4)
614,216000,30,(2, 3, 2)
0,216000,30,(2, 3, 2)
0,216000,30,(2, 3, 2)
0,216000,30,(2, 3, 2)
0,216000,30,(2, 3, 2)
0,216000,30,(2, 3, 2)
0,216000,30,(2, 3, 2)
615,216000,30,(2, 3, 2)
0,216000,30,(2, 3, 2)
0,216000,30,(2, 3, 2)
0,216000,30,(2, 3, 2)
0,216000,30,(2, 3, 2)
0,216000,30,(2, 3, 2)
0,216000,30,(2, 3, 2)
0,216000,30,(2, 3, 2)
557,216000,30,(2, 3, 2)
0,216000,30,(2, 3, 2)
0,216000,30,(2, 3, 2)
0,216000,30,(2, 3, 2)
40,216000,30,(2, 3, 2)
45,216000,30,(2, 3, 2)
44,216000,30,(2, 3, 2)
44,216000,30,(2, 3, 2)
45,216000,30,(2, 3, 2)
0,216000,30,(2, 3, 2)
0,216000,30,(2, 3, 2)
0,216000,30,(2, 3, 2)
0,216000,30,(2, 3, 2)
0,216000,30,(2, 3, 2)
0,1728000,30,(4, 6, 4)
0,1728000,30,(4, 6, 4)
0,1728000,30,(4, 6, 4)
0,1.3824E+07,30,(8, 6, 8)
0,1.3824E+07,30,(8, 6, 8)
0,1.3824E+07,30,(8, 6, 8)
0,1.3824E+07,30,(8, 6, 8)
0,1.3824E+07,30,(8, 6, 8)
0,1.3824E+07,30,(8, 6, 8)
53,1.3824E+07,30,(8, 6, 8)
55,1.3824E+07,30,(8, 6, 8)
109,1.3824E+07,30,(8, 6, 8)
0,1.3824E+07,30,(8, 6, 8)
0,1.3824E+07,30,(8, 6, 8)
0,1.3824E+07,30,(8, 6, 8)
0,1.3824E+07,30,(8, 6, 8)
0,1.3824E+07,30,(8, 6, 8)
56,1.3824E+07,30,(8, 6, 8)
57,1.3824E+07,30,(8, 6, 8)
56,1.3824E+07,30,(8, 6, 8)
60,1.3824E+07,30,(8, 6, 8)
167,1.3824E+07,30,(8, 6, 8)
112,1.3824E+07,30,(8, 6, 8)
114,1.3824E+07,30,(8, 6, 8)
165,1.3824E+07,30,(8, 6, 8)
182,1.3824E+07,30,(8, 6, 8)
177,1.3824E+07,30,(8, 6, 8)
165,1.3824E+07,30,(8, 6, 8)
165,1.3824E+07,30,(8, 6, 8)
0,1.3824E+07,30,(8, 6, 8)
0,1.10592E+08,30,(16, 6, 16)
0,1.10592E+08,30,(16, 6, 16)
0,1.10592E+08,30,(16, 6, 16)
0,1.10592E+08,30,(16, 6, 16)
0,1.10592E+08,30,(16, 6, 16)
0,1.10592E+08,30,(16, 6, 16)
0,1.10592E+08,30,(16, 6, 16)
0,1.10592E+08,30,(16, 6, 16)
0,1.10592E+08,30,(16, 6, 16)
0,1.10592E+08,30,(16, 6, 16)
0,1.10592E+08,30,(16, 2, 16)
0,1.10592E+08,30,(16, 2, 16)
0,1.10592E+08,30,(16, 2, 16)
0,1.10592E+08,30,(16, 2, 16)
0,1.10592E+08,30,(16, 2, 16)
0,1.10592E+08,30,(16, 2, 16)
0,1.10592E+08,30,(16, 2, 16)
0,1.10592E+08,30,(16, 2, 16)
0,1.10592E+08,30,(16, 3, 16)
0,1.10592E+08,30,(16, 3, 16)
1,1.10592E+08,30,(16, 3, 16)
0,1.10592E+08,30,(16, 3, 16)
0,1.10592E+08,30,(16, 3, 16)
0,1.10592E+08,30,(16, 3, 16)
0,1.10592E+08,30,(16, 3, 16)
0,1.10592E+08,30,(16, 3, 16)
0,1.10592E+08,30,(16, 3, 16)
0,1.10592E+08,30,(16, 3, 16)
0,1.10592E+08,30,(16, 3, 16)
0,1.10592E+08,30,(16, 3, 16)
0,1.10592E+08,30,(16, 3, 16)
0,1.10592E+08,30,(16, 3, 16)
0,1.10592E+08,30,(16, 3, 16)
0,1.10592E+08,30,(16, 3, 16)
0,1.10592E+08,30,(16, 3, 16)
0,1.10592E+08,30,(16, 3, 16)
0,1.10592E+08,30,(16, 3, 16)
0,1.10592E+08,30,(16, 4, 16)
0,1.10592E+08,30,(16, 4, 16)
0,5.12E+08,50,(16, 4, 16)
1,5.12E+08,50,(16, 4, 16)
0,1.10592E+08,30,(16, 4, 16)
0,1.10592E+08,30,(16, 4, 16)
0,1.10592E+08,30,(16, 4, 16)
0,27000,30,(1, 1, 1)
0,27000,30,(1, 1, 1)
0,125000,50,(1, 1, 1)
0,125000,50,(1, 1, 1)
0,125000,50,(1, 1, 1)
0,1000000,100,(1, 1, 1)
0,1000000,100,(1, 1, 1)
0,1000000,100,(1, 1, 1)
0,1000000,100,(1, 1, 1)
0,1000000,100,(1, 1, 1)
0,1000000,100,(1, 1, 1)
0,1000000,100,(1, 1, 1)
0,6.4E+07,100,(4, 4, 4)
0,6.4E+07,100,(4, 4, 4)
0,1728000,30,(4, 4, 4)
0,1728000,30,(4, 4, 4)
0,1728000,30,(4, 4, 4)
0,1728000,30,(4, 4, 4)
0,1728000,30,(4, 4, 4)
0,1.10592E+08,30,(16, 6, 16)
0,1.10592E+08,30,(16, 6, 16)
0,1.10592E+08,30,(16, 4, 16)
0,1.10592E+08,30,(16, 5, 16)
